# 3 locales
# tasks, unpartitioned time, err, partitioned time, err, unpartitioned result, err, partitioned result, avg time change, avg result change
3 0.056100000000000004 0.009115371632577576 0.07189999999999999 0.010634378214075329 21742.3 2628.2869344879373 22471.8 1856.4796147547647 0.0158 0.015151237573214935 729.5 1147.9611709461258
4 0.13079999999999997 0.019208331525668747 0.09119999999999999 0.010047885349664377 23459.1 2582.9038871007183 24555.3 1479.2602914970712 -0.03959999999999999 0.020406861591141346 1096.2 1703.8742793997449
5 0.40859999999999996 0.06519539861063817 0.08909999999999998 0.012053630158587084 27809.8 1913.1161909303887 28364.4 1646.3517364160066 -0.31949999999999995 0.06899746372150212 554.6 1032.6588207147606
6 2.1820999999999997 0.5278602940172712 0.12200000000000003 0.05554277630799526 31276.9 1340.9696827296284 31439.0 1437.980597921961 -2.0601 0.5099236119263355 162.1 486.3
7 14.2427 3.760433354016529 0.2373 0.20524962850149087 34550.6 1297.160452681163 34809.1 1314.5262606734032 -14.0054 3.834703279264251 258.5 523.6844947103169
8 124.33310000000002 27.607918304174984 1.2271999999999998 1.7257959786718708 36894.9 999.1742040305083 37261.4 1147.1057667015714 -123.10589999999998 28.0362861821961 366.5 726.4501703489373
9 -1.0 0.0 3.2043999999999997 5.80899664658192 -1.0 0.0 39207.9 519.9914326217308 -1.0 0.0 -1.0 0.0
10 -1.0 0.0 0.06439999999999999 0.005607138307550475 -1.0 0.0 45000.0 0.0 -1.0 0.0 -1.0 0.0
