# 5 robots 8 tasks
5 1 0.25670000000000004 0.03271100732169525
5 2 0.9327 0.0711948734109416
5 3 1.6872 0.5097671625359955
5 4 2.70205 1.0567703854196522
5 5 4.4825 1.702811131629107
5 6 5.164250000000001 2.150983934737775
5 7 7.449 4.0986938407253595
5 8 9.317499999999999 5.071219493376322
5 9 12.6235 4.81500995326074
5 10 14.008999999999997 7.255124699135088
5 11 16.263300000000005 9.092115749923117
5 12 19.08365 13.520121649878005
5 13 24.026899999999998 13.85214990497865
#3 robots 6 tasks
#3 2 0.04675 0.009422711923857165
#3 3 0.05804999999999999 0.015265893357416066
#3 4 0.061399999999999996 0.012088837826689545
#3 5 0.07500000000000001 0.012103718436910202
#3 6 0.0795 0.014263590010933433
#3 7 0.08049999999999999 0.01447929556297543
#3 8 0.09245 0.02275186805517296
#3 9 0.0955 0.012670832648251652
#3 10 0.09485000000000002 0.020924327946196985
#3 11 0.09525 0.011396819731837475
#3 12 0.09435 0.018658175151927373
#3 13 0.09385 0.015163360445494925