# num_robots, time, std
# 20 experiments each
# 10t, 3l
# 9 cannot consistently complete
10 6 64.0157 10.038141974987205
10 5 17.69695 2.813280762295154
10 4 4.398549999999999 0.6795144939587382
10 3 0.9181000000000001 0.17788448498955722
10 2 0.23664999999999997 0.04389564329178923
10 1 0.04915000000000001 0.0029878922336657324
# 6t 3l
6 10 30.92675 16.21844551698775
6 9 22.6064 14.497030907741074
6 8 8.3306 3.8831597881107083
6 7 2.13275 0.5807241922806384
6 6 0.7272500000000001 0.24305881489878126
6 5 0.29875 0.06888895049280401
6 4 0.11365 0.021557539284435965
6 3 0.05704999999999999 0.00671174343967348
6 2 0.03910000000000001 0.004146082488325575
6 1 0.030450000000000005 0.0021089096708963146
# 14t 3l
14 1 0.5065 0.025220031720836523
14 2 6.569649999999998 0.5252927064980055
14 3 44.1117 3.573543732767237