#7 robots, 3 locales
# multi(R{"team_reward"}min=? [C], R{"rewards_R0"}<=8 [C], R{"rewards_R1"}<=8 [C], R{"rewards_R2"}<=8 [C], R{"rewards_R3"}<=8 [C], R{"rewards_R4"}<=8 [C], R{"rewards_R5"}<=8 [C], R{"rewards_R6"}<=8 [C])
3 1 0.030700000000000005 0.0026095976701399773
3 2 0.0475 0.00645368112010502
3 3 0.0953 0.026521877761576385
3 4 0.3306 0.13350820199523322
3 5 0.7052999999999999 0.4306664718781809
3 6 2.3269999999999995 0.9749539476303484
3 7 4.8999999999999995 1.703770230987735
3 8 16.842399999999998 6.529791286097895
3 9 57.5572 27.611104558854578
#7 robots, 7 locales
7 1 0.03415000000000001 0.002650943228362312
7 2 0.053300000000000014 0.006116371473349211
7 3 0.22405 0.06323090620891021
7 4 0.9526 0.4340001612902926
7 5 5.0288 3.6215250875839584
7 6 14.61515 8.348762095514521
7 7 56.302150000000005 46.05192998157081
7 8 111.37984999999999 69.9040359358993
#7 robots 11 locales
11 1 0.03180000000000001 0.0017492855684535901
11 2 0.06060000000000001 0.010969958978957032
11 3 0.22225 0.043821085107514174
11 4 1.17935 0.39241270048254046
11 5 6.4418999999999995 3.6512313388773383
11 6 27.337650000000004 14.778703049574412
11 7 175.4325 139.20590332543372
