# 5 robots 8 tasks
5 2 0.29345000000000004 0.0751162266091688
5 3 0.6204500000000002 0.15924335935918962
5 4 1.57105 0.4644997820236302
5 5 1.8986999999999998 0.8401757613737736
5 6 3.0942 1.1905512840696952
5 7 4.381749999999999 1.9514984467070424
5 8 5.1735 2.5946199625378665
5 9 5.1223 3.2818281505892415
5 10 5.4171 1.675174764017176
5 11 5.73615 2.6253042923630776
5 12 6.19275 2.2147420363328996
5 13 7.207800000000001 3.2762947150706694
#3 robots 6 tasks
3 2 0.04675 0.009422711923857165
3 3 0.05804999999999999 0.015265893357416066
3 4 0.061399999999999996 0.012088837826689545
3 5 0.07500000000000001 0.012103718436910202
3 6 0.0795 0.014263590010933433
3 7 0.08049999999999999 0.01447929556297543
3 8 0.09245 0.02275186805517296
3 9 0.0955 0.012670832648251652
3 10 0.09485000000000002 0.020924327946196985
3 11 0.09525 0.011396819731837475
3 12 0.09435 0.018658175151927373
3 13 0.09385 0.015163360445494925