# num_robots, time, std
# 20 experiments each
# 10t, 3l
# 9 cannot consistently complete
10 8 41.512499999999996 14.290768298100701
10 7 21.545849999999998 7.997610651157006
10 6 9.63225 2.9539164489707557
10 5 3.2015000000000002 0.8687436618473828
10 4 0.8263000000000001 0.12477103029149032
10 3 0.15855000000000002 0.01924961038566755
10 2 0.041800000000000004 0.006063002556489648
# 6t 3l
6 11 30.601649999999996 15.20600574205797
6 10 11.2712 5.402192079147131
6 9 4.1953499999999995 4.1953499999999995
6 8 1.5412500000000002 0.674951544557089
6 7 0.674951544557089 0.1750252767459603
6 6 0.18989999999999996 0.04175392197147473
6 5 0.14220000000000002 0.0329129153980622
6 4 0.10840000000000001 0.02136913662270893
6 3 0.0646 0.006851277253184257
6 2 0.04820000000000001 0.004365775990588614
# 14t 3l
14 2 0.13165 0.029015986972701795
14 3 1.0082 0.15433975508597908
14 4 9.387749999999999 2.1964225430230857
14 5 65.47245 14.003300376964711
