#7 robots, 3 locales
# multi(R{"team_reward"}min=? [C], R{"rewards_R0"}<=8 [C], R{"rewards_R1"}<=8 [C], R{"rewards_R2"}<=8 [C], R{"rewards_R3"}<=8 [C], R{"rewards_R4"}<=8 [C], R{"rewards_R5"}<=8 [C], R{"rewards_R6"}<=8 [C])
3 2 0.06130000000000001 0.012558264211267413
3 3 0.10729999999999999 0.02087606284719415
3 4 0.20725000000000002 0.07288612693784738
3 5 0.36565000000000003 0.13356956052933616
3 6 0.48315 0.16757782520369452
3 7 0.9773999999999999 0.2867011335868765
3 8 3.3975 1.1174789259757878
3 9 11.041799999999999 3.580778582934164
3 10 21.0333 8.457670418620014
3 11 68.67275 25.75559480360529
#7 robots, 7 locales
7 2 0.05440000000000002 0.0065375836514724615
7 3 0.14205 0.037245771572085876
7 4 0.40040000000000003 0.1824399627274682
7 5 1.24485 0.5756367148645055
7 6 2.27145 1.6474618197396866
7 7 2.8057 1.7015650472432726
7 8 18.14885 8.648261514749656
7 9 61.90265000000001 33.8074809816925
#7 robots 11 locales
11 2 0.04335000000000001 0.006295037728242778
11 3 0.1407 0.035450105782634835
11 4 0.4887 0.22007705468767072
11 5 2.09105 1.0204290016948752
11 6 4.154 2.0529069389526646
11 7 5.617750000000001 2.854077011487252
11 8 43.850449999999995 30.548626164649374
